	observed	singles	doubles	shannon	equitability	chao1	PD_whole_tree
87	8801.0	6671.0	931.0	7.08725738601	0.540869499557	32672.0139485	433.81464
44	6423.0	4729.0	733.0	6.76493594167	0.534818487747	21653.7302452	331.64956
103	6075.0	4457.0	709.0	6.94977185314	0.552944152057	20061.1915493	342.95212
16	8539.0	6295.0	950.0	6.91692911478	0.529633063748	29370.0883281	427.49481
115	6909.0	5221.0	731.0	6.56143031014	0.51445004999	25524.8606557	359.68987
92	6415.0	4641.0	745.0	7.01101173033	0.554351408364	20848.1367292	328.7015
37	4982.0	3749.0	538.0	5.3410208863	0.43484769709	18016.5565863	237.48411
42	4828.0	3543.0	569.0	5.11512966395	0.417998030626	15836.1631579	217.09538
41	5166.0	3809.0	578.0	5.82935546132	0.472593019126	17691.6234888	242.43398
29	10353.0	7928.0	1060.0	7.4903712679	0.561591343732	39969.0490104	416.54224
117	7141.0	5423.0	784.0	6.84599052363	0.534763196131	25869.3477707	372.56259
35	8687.0	6674.0	848.0	7.10286573159	0.542839884858	34915.2697291	378.55856
109	8520.0	6488.0	886.0	7.23387659326	0.554038241016	32244.7215333	436.56403
69	7986.0	5838.0	932.0	7.87854129228	0.607759382965	26247.7395498	401.18267
28	8566.0	6338.0	1008.0	7.02655483501	0.537839596802	28468.827552	434.72614
26	6992.0	5087.0	834.0	6.76017672301	0.529317801119	22484.5041916	341.70427
88	7936.0	5748.0	894.0	6.70078108742	0.51726721804	26390.6122905	376.95663
74	7124.0	5332.0	779.0	6.25673104497	0.488865478801	25345.0846154	332.31528
6	7928.0	6133.0	836.0	6.93838049062	0.535668887243	30393.6845878	389.3746
43	7323.0	5142.0	927.0	7.19946869934	0.560784066247	21566.0075431	381.56363
56	7626.0	5727.0	831.0	7.1106007049	0.551349937709	27333.2127404	409.18198
107	7521.0	5763.0	758.0	7.01750230885	0.544976393261	29396.1027668	384.07004
2	7450.0	5645.0	822.0	6.31347481625	0.490823500574	26806.2454435	364.06037
84	6719.0	4799.0	780.0	6.14693628059	0.48347659134	21460.1024328	295.54844
82	5157.0	3917.0	510.0	6.50113962866	0.527162899052	20165.778865	256.05213
46	8998.0	6618.0	1007.0	7.90319336528	0.601671832856	30719.8779762	458.10036
54	7826.0	5936.0	780.0	6.05557764327	0.468188482701	30380.5198464	309.52655
cps178	4093.0	2720.0	556.0	7.70779967095	0.64237322422	10731.8509874	239.34865
73	5223.0	3935.0	512.0	5.02425300416	0.406800267232	20311.0019493	236.03743
105	5860.0	4417.0	626.0	7.16022478318	0.572054406752	21414.6028708	337.47901
113	7701.0	5741.0	894.0	7.21596959613	0.558908261568	26110.6871508	404.11974
108	5096.0	3683.0	598.0	6.29894594916	0.511479451981	16415.5375626	295.39435
34	8253.0	6048.0	974.0	6.89931271866	0.530279782608	27008.0030769	393.12314
11	6139.0	4775.0	591.0	5.90239687795	0.469047706405	25392.2516892	296.47628
101	7780.0	5799.0	874.0	6.92120584298	0.535466844009	26992.9154286	388.86038
99	5171.0	3767.0	563.0	6.22156591991	0.504332939286	17747.7039007	279.63481
9	8304.0	6317.0	866.0	6.76642624168	0.519711132466	31313.3264129	395.90984
10	9001.0	6835.0	983.0	7.20839967192	0.548756945999	32735.9542683	433.9361
100	7176.0	5541.0	704.0	6.813907727	0.531963992869	28947.0212766	366.43592
3	10514.0	7864.0	1205.0	7.72408779307	0.578149244474	36150.2487562	516.51162
1	7078.0	5316.0	758.0	6.90191232629	0.539670365374	25691.0039526	372.53292
cps184	4546.0	3021.0	649.0	7.46960180421	0.614762714735	11564.0153846	259.80396
89	12214.0	9061.0	1451.0	8.018925349	0.590658425826	40482.822314	552.39182
36	8758.0	6564.0	931.0	7.17988204882	0.548233855844	31869.3369099	381.63865
47	6733.0	5004.0	715.0	6.74059881472	0.530044894706	24215.5502793	353.71763
22	5196.0	3724.0	633.0	5.87008876941	0.47557323569	16130.1104101	291.60857
13	5655.0	4135.0	669.0	7.12825438186	0.571847281245	18411.7835821	329.51831
81	8418.0	6165.0	957.0	6.99054468586	0.53611506511	28251.5386221	392.9697
5	6174.0	4377.0	789.0	6.86228575356	0.544972310191	18296.6278481	344.56053
111	5684.0	4246.0	619.0	6.74351379782	0.540662306533	20219.7016129	315.57507
106	5959.0	4497.0	633.0	6.04820341495	0.482280007273	21904.1987382	303.72394
104	5638.0	4064.0	670.0	6.34611684668	0.509279613558	17942.04769	319.35858
53	6212.0	4673.0	638.0	5.94414102687	0.471725696816	23295.14241	299.09439
90	8626.0	6381.0	998.0	6.87062895014	0.525499373723	29001.7657658	428.79095
12	4242.0	3055.0	468.0	6.81048341052	0.56516053892	14188.663113	273.92023
cps190	4285.0	2762.0	699.0	7.06352628844	0.585452113671	9732.05857143	245.5471
60	8417.0	6156.0	955.0	7.41101412095	0.568368950016	28234.039749	412.6005
45	6598.0	4860.0	713.0	7.00870754583	0.552396816636	23134.9327731	342.54756
25	6865.0	4997.0	769.0	6.99040832061	0.54848051665	23076.0467532	358.15464
91	9118.0	6658.0	1079.0	7.15924884926	0.544243257242	29637.5861111	389.05335
cps192	4121.0	2681.0	645.0	7.48094056299	0.622955982436	9682.20743034	236.63877
93	7185.0	5356.0	762.0	7.43833032539	0.580630899459	25980.1376147	353.69904
75	7508.0	5445.0	866.0	7.03080271704	0.546115149146	24602.9134948	363.37557
cps174	3207.0	2219.0	410.0	7.13108139909	0.612267202718	9194.52068127	188.60049
112	6993.0	5346.0	713.0	7.05547490591	0.552430548143	27003.0630252	372.72202
cps201	4243.0	2779.0	622.0	7.45346327605	0.618500068232	10438.8764045	248.51561
cps188	4201.0	2794.0	609.0	7.19803667289	0.598016571633	10597.4278689	233.27733
40	5305.0	4038.0	534.0	5.40042203039	0.436463446155	20539.9588785	270.19057
64	7584.0	5596.0	898.0	6.69611516585	0.519532047193	24997.5817575	390.80872
cps195	4349.0	2854.0	622.0	7.43267051545	0.614958027396	10883.8812199	246.19633
24	8627.0	6384.0	951.0	7.71775341701	0.590284054024	30028.8235294	435.35618
4	11825.0	8913.0	1306.0	7.96062632833	0.588387996661	42212.3970926	557.47953
98	9067.0	6702.0	1088.0	7.58508431771	0.57697002954	29686.8815427	464.06348
67	9344.0	6845.0	1073.0	7.46886303199	0.566259467565	31153.6741155	443.66203
85	5661.0	4105.0	635.0	6.11322455576	0.490358740727	18905.4339623	282.42397
15	6607.0	4819.0	769.0	7.36610599692	0.580475485947	21683.5857143	350.62788
cps191	3935.0	2608.0	571.0	7.08772431941	0.593504984753	9878.23076923	224.23469
23	5904.0	4164.0	739.0	6.99602376499	0.558454328961	17616.6567568	304.1125
cps189	3880.0	2546.0	578.0	7.45018199913	0.624918755288	9475.4835924	228.28536
cps196	3940.0	2631.0	573.0	7.41222106088	0.620582177301	9967.46515679	227.49747
cps182	4385.0	2814.0	666.0	7.65244331722	0.63251900292	10318.8695652	249.86527
cps177	4064.0	2808.0	544.0	6.87249369227	0.573248348074	11295.2440367	207.06546
cps180	4081.0	2648.0	623.0	7.6322628273	0.636302564983	9697.39102564	230.63722
cps179	3587.0	2267.0	572.0	7.58438168779	0.642278176508	8069.56719023	220.39566
cps185	4307.0	2878.0	628.0	7.29351273242	0.604144319877	10888.8807631	243.66889
cps173	3447.0	2305.0	489.0	6.99319094075	0.595108178458	8866.10204082	204.2811
cps199	4010.0	2690.0	548.0	7.5392408103	0.629876961268	10597.8051002	242.18342
cps176	3910.0	2709.0	533.0	7.38693990502	0.619037045714	10778.8876404	215.7261
cps197	4264.0	2753.0	653.0	7.61780107843	0.631763667913	10056.2446483	239.53399
cps172	2800.0	1741.0	459.0	7.60750013097	0.664340221893	6092.76086957	194.89299
cps186	3425.0	2198.0	542.0	7.34728102137	0.625732492995	7871.5985267	211.71338
cps187	4038.0	2717.0	561.0	7.12030574389	0.594377912779	10603.2775801	229.77981
55	7363.0	5385.0	882.0	6.69327087758	0.521036139185	23780.2366931	377.05297
27	6840.0	5077.0	768.0	6.05121284238	0.474985639685	23596.0806242	332.82693
19	5030.0	3549.0	586.0	6.33850175345	0.515478619618	15755.5979557	298.72297
18	6681.0	4811.0	778.0	7.00766571106	0.551530722042	21533.9589217	368.96835
68	3790.0	2674.0	461.0	6.60766123085	0.55582698198	11525.5	232.0596
58	8519.0	6222.0	989.0	7.27694504156	0.55734405604	28068.0212121	427.04805
116	8676.0	6380.0	1035.0	7.68801612487	0.587642377736	28317.9015444	437.98431
21	8513.0	6427.0	901.0	7.3854151038	0.565695860383	31406.5155211	424.12539
80	5474.0	4089.0	581.0	6.77041074966	0.545192762878	19834.6804124	311.71004
49	5447.0	3935.0	631.0	6.99959286069	0.563971802272	17694.0648734	301.77621
cps175	4237.0	2896.0	576.0	7.06181601375	0.58609985615	11502.0953206	218.34784
48	7014.0	5310.0	762.0	6.4914772717	0.508098484519	25487.6500655	345.04296
61	5066.0	3661.0	578.0	5.45581647159	0.443323303611	16637.0362694	268.90544
76	3468.0	2353.0	425.0	5.62132658903	0.478008506666	9963.6056338	227.07063
65	7199.0	5364.0	758.0	6.6224636413	0.516831613514	26149.6798419	378.93789
33	7812.0	5848.0	850.0	6.62076623686	0.511988431723	27902.0446533	338.2434
78	5741.0	3959.0	816.0	6.09822001204	0.488362124347	15330.7931457	323.64062
59	8318.0	5961.0	1049.0	7.23334683212	0.555470371994	25235.8857143	422.45081
62	8326.0	6238.0	916.0	6.89642266078	0.529540558343	29539.9618321	419.30311
30	10027.0	7449.0	1109.0	7.29167279848	0.548592455237	35018.0594595	424.98349
cps193	4288.0	2780.0	668.0	7.56154123214	0.626677054412	10062.0059791	247.76333
cps202	3894.0	2558.0	576.0	7.63266859672	0.639946743583	9561.94280763	227.52561
cps194	3865.0	2562.0	571.0	7.22451805741	0.606274324656	9600.38636364	218.36476
110	7192.0	5287.0	823.0	7.39020706899	0.576811176802	24150.1808252	387.17386
57	4256.0	2939.0	516.0	5.77275912554	0.478857227645	12606.8529981	269.2175
39	5222.0	3812.0	584.0	5.81149185295	0.470551406543	17638.6940171	263.81792
32	8055.0	5933.0	883.0	7.1471051211	0.550808223509	27961.4230769	377.51374
51	6388.0	4595.0	784.0	6.49942952353	0.514148652984	19833.4968153	329.34497
cps200	3829.0	2458.0	619.0	7.20086593626	0.604974880568	8699.40806452	224.48048
94	6762.0	5041.0	718.0	6.24399218259	0.490755104789	24430.038943	324.90637
72	5271.0	3705.0	674.0	6.94634288047	0.561826349677	15436.4222222	318.36962
20	6830.0	5080.0	710.0	7.57791175806	0.594921350566	24974.3881857	355.05963
52	6572.0	4691.0	780.0	7.11307328937	0.560874294189	20657.0128041	348.25945
86	6272.0	4517.0	778.0	7.01551828382	0.55613790333	19364.9216945	339.9458
50	7049.0	5163.0	787.0	6.98858056134	0.546700277031	23959.7906091	374.25732
77	6340.0	4654.0	759.0	6.80450716153	0.538746100472	20586.7513158	365.19864
71	7159.0	5273.0	804.0	6.75982736524	0.527882941065	24425.6186335	363.99862
79	4421.0	3078.0	547.0	5.80578572993	0.479414570831	13062.4288321	238.64285
cps198	3732.0	2466.0	532.0	7.34825808929	0.61928394323	9434.3358349	220.60222
cps183	3872.0	2510.0	596.0	7.46933191812	0.626681569326	9146.36348409	226.98053
17	7475.0	5483.0	882.0	7.11286700022	0.552762322635	24495.2751982	390.86302
114	5852.0	4421.0	616.0	6.66966966408	0.532946229153	21687.3484603	314.41195
66	5036.0	3686.0	568.0	5.23328075175	0.425537008202	16971.7732865	278.9955
38	5178.0	3909.0	522.0	4.94526282806	0.400809773298	19782.5621415	239.08922
102	5064.0	3739.0	590.0	6.89808543654	0.560543706885	16888.3502538	301.02071
